  795310   10.72
  795312    6.43
  795318    5.94
  795319   10.38
  795326    6.52
  795331    6.74
  795332    6.11
  797304    6.81
  797312    6.78
  164302    9.46
  164308    9.84
  164319    6.24
  169333    9.72
  171309   10.12
  171311    6.14
  317308    5.91
  317310    9.53
  317316    6.62
  317326       6
  318305    5.29
  318309     9.8
  318313    3.83
  318333     8.8
  319310    9.39
  319316    5.74
  319318    8.44
  319322    5.91
  319324    6.04
  319326    6.63
  319332    4.86
  319340    9.21
  320304     7.5
  320306    7.08
  320310    4.38
  320312    6.71
  320316    8.27
  320318    8.57
  320320     8.9
  320322    9.77
  320324    4.71
  320326    7.87
  320328    9.82
  320330    5.71
  320334    7.81
  320336    6.43
  320338    6.74
  337301   10.56
  337307    6.96
  337322     4.5
  337324    6.36
  337326    8.01
  590309     9.5
  590310    7.56
  590317    8.68
  590318    7.41
  590323    7.51
  590324    4.38
  590325    7.63
  231301    6.92
  231302    9.81
  231304    7.42
  231305    9.86
  231308    9.74
  231329    6.55
  231331    6.81
  231332   10.33
  231333   10.08
  231334    9.23
  231336   10.06
  231338   10.26
  231340    8.47
  233333   10.33
  388305    9.92
  390309    6.24
  390310    8.78
  390319    9.95
  390330     6.3
  509307    6.47
  509308    5.59
  509313    7.89
  511324    6.17
  511337     5.9
  523322    6.06
  298332    6.07
  301326    5.41
  307303    5.03
  356304    5.61
  356308    6.02
  356309     5.8
  356310    6.02
  722304    4.93
  722335    5.22
  443340    5.16
  445326    5.09
  446305    6.46
  545306    9.52
  545308    7.81
  545313    6.87
  545320   10.29
  545327    3.71
  545332    6.18
  545335    7.49
  545337    6.52
  548301    9.76
  548306    7.05
  548308   10.18
  548312    8.17
  548322    9.54
  548326    5.85
  779302    7.49
  779306    7.39
  779307    6.82
  779317    8.99
  780319    7.12
  780321    5.03
