6123471326
6146113317
6162378304
6187737332
6197165306
6214454309
6223622322
6223622324
6223622329
6224659322
6231769311
6232792307
6232792308
6232792316
6232798325
6235834329
6235840333
6235844312
6235844321
6235844332
6235844334
6235844335
6243198335
6243198337
6243206332
6246261321
6249287319
6259468302
6259468310
6259468328
6259477313
6259477335
6271716323
6271719303
6271719306
6271719309
6271719315
6277794302
6277800338
6279837302
6279847303
6284137312
6287188321
6301441322
6301441333
6301441334
6301445302
6301445307
6301445308
6309608303
6309608309
6309608311
6309608316
6309608317
6309608320
6309608325
6309608326
6309608327
6309608333
6309608335
6309608336
6313645336
6314655321
6314655328
6314655330
6314655332
6314655333
6314655339
6314655340
6314656301
6314656304
6314656305
6314656307
6314656309
6314656310
6314656312
6314656313
6314656316
6320740326
6321771330
6321775333
6321777323
6321777328
6321777330
6321777335
6321784331
6323830323
6328893320
6351520310
6351521330
6351521334
6351521338
6351521340
6351522314
6351522316
6351522320
6351522322
6351522328
6351522332
6351525302
6351525305
6351525319
6351525322
6351525323
6351525325
6351525329
6364719319
6365748301
6365748307
6365748309
6365748317
6365748318
6365748319
6365748321
6365748326
6365748331
6365748334
6365748335
6365749301
6365749302
6365749309
6365749323
6365749329
7012125317
7012125318
7012125322
7012125325
7012125327
7012125328
7012125331
7012125333
7012125334
7016187339
7019258308
7019258312
7019258313
7019258315
7019258322
7019258333
7019258334
7019258336
7019258338
7019258339
7019258340
7025344307
7034523323
7034527333
7041643338
7044697327
7046725331
7046725332
7046725333
7046725335
7046726304
7046726308
7046726309
7046726315
7046726328
7046726329
7046726330
7046726332
7046726334
7046726335
7046726337
7046736339
7055107336
7059161322
7059161325
7059161327
7059161330
7059161331
7059161335
7059163305
7068339307
7081532330
7083583322
7086597306
7086597316
7086599301
7086599307
7086599311
7086599316
7086599318
7086599320
7086615302
7086615303
7086615304
7086615307
7086615311
7086615318
7086615320
7086615321
7086615325
7086615328
7086615333
7086615335
7086615337
7086620302
7086620321
7086620326
7086620330
7086620334
7086625305
7086625306
7086625310
7095793327
7095793336
7095793338
7095795304
7095795306
7095795313
7095795314
7095795316
7095795318
7095795321
7095804331
7095804339
7095804340
7095805317
7107173339
7107174304
7107175304
7107175306
7107175311
7107175314
7107175318
7107175322
7107178301
7107178314
7107178317
7107178319
7107192322
7118418309
7118418315
7118418332
7118418337
7118419311
7118419313
7118421305
7118421309
7118421314
7118421315
7118421318
7118422301
7118422306
7118422314
7118429338
7125557304
7125561305
7128584307
